function model= c300855()
%% Index 
I=8; 
J=30; 
model.I=I; 
model.J=J; 
%% Parameters 
cij=[34,130,231,18,127,30,268,168,23,49,180,128,281,205,269,243,55,239,202,237,190,8,54,55,274,83,27,161,33,297;236,197,119,95,197,43,211,95,206,228,101,129,138,139,155,225,77,174,215,256,107,127,288,14,241,75,241,266,185,231;88,33,82,232,217,51,167,50,121,262,90,38,73,64,211,37,7,133,193,152,300,56,80,217,224,136,297,270,282,102;182,281,12,209,160,59,56,187,295,106,136,8,230,30,47,158,278,78,126,191,68,218,278,105,244,69,21,188,107,199;290,57,202,38,33,96,64,297,121,206,127,88,228,248,287,98,197,226,118,286,196,112,68,199,115,242,282,42,124,74;130,80,129,40,190,95,24,52,187,89,108,96,223,53,163,164,280,69,245,134,182,253,113,116,186,296,6,66,296,89;209,240,136,28,38,66,275,78,47,160,168,197,224,50,204,120,50,20,96,19,117,221,27,189,173,9,206,55,284,205;228,147,183,3,41,76,213,120,115,250,223,288,32,200,11,125,277,231,245,261,43,172,193,7,160,161,236,13,203,159]; 
model.cij=cij;

aij=[13,22,7,28,21,4,17,19,15,11,26,23,29,18,9,16,6,3,10,2,10,28,15,15,10,29,12,21,15,8;19,30,4,24,15,6,24,4,27,29,10,13,1,20,22,15,21,30,5,11,2,25,17,11,29,17,29,7,23,24;23,11,10,2,19,3,10,12,5,4,17,15,11,2,5,27,18,20,11,23,6,9,9,24,30,22,25,20,13,27;18,30,22,12,8,15,6,2,12,22,30,21,20,11,26,11,21,7,4,24,22,17,23,24,9,18,26,3,30,28;17,11,24,22,6,6,11,16,28,20,17,30,9,14,5,14,11,13,27,17,22,30,16,21,25,1,12,13,30,17;18,27,21,22,25,27,7,13,28,25,10,10,7,8,18,29,19,4,3,21,27,22,20,5,27,14,18,21,26,18;16,14,1,7,24,3,16,30,22,12,19,26,22,22,11,2,25,9,28,27,18,26,10,1,18,20,27,29,12,5;3,13,26,9,29,2,28,25,19,23,11,23,19,26,25,30,1,8,12,2,3,13,5,17,27,16,29,25,14,27]; 
model.aij=aij;

bi=[88,90,87,62,80,110, 123, 70];  % correct
model.bi=bi;

% X=[23,50,91,58,85,74, 23, 1]; 
% Y=[77,59,93,59,2,13, 10, 80];
% 
% DIS=zeros(I,I);
% for i=1:I
%     for j=1:I
%         DIS(i,j)=sqrt((X(i)-X(j)).^2+(Y(i)-Y(j)).^2); 
%     end
% end
% model.DIS=DIS;
% 
% XX=[1,6,9,7,2,4,5,10,2,9,7,4,2,5,5,2,6,3,4,6,3,3,7,3,9,10,8,4,6,2]; 
% YY=[10,9,9,3,6,1,5,4,2,2,5,1,6,5,7,7,7,1,1,4,6,7,5,9,8,10,6,4,2,7];
% 
% F=zeros(J); 
% for i=1:J
%     for j=1:J
%         F(i,j)=sqrt((XX(i)-XX(j)).^2+(YY(i)-YY(j)).^2); 
%     end
% end
% model.F=F;

DIS = [0,32.4499614791759,69.8569967862919,39.3573373083089,97.3087868591527,81.8352002502591,67,22.2036033111745;32.4499614791759,0,53.2634959423431,8,66.8879660327626,51.8844870842914,55.9464029227975,53.3104117410474;69.8569967862919,53.2634959423431,0,47.3814309619285,91.1975876873945,81.7863069223694,107.298648640139,90.9340420304739;39.3573373083089,8,47.3814309619285,0,63.0713881248859,48.7031826475437,60.2162768692984,60.7453701939498;97.3087868591527,66.8879660327626,91.1975876873945,63.0713881248859,0,15.5563491861040,62.5139984323511,114.629839047257;81.8352002502591,51.8844870842914,81.7863069223694,48.7031826475437,15.5563491861040,0,51.0881590977792,99.0858213873206;67,55.9464029227975,107.298648640139,60.2162768692984,62.5139984323511,51.0881590977792,0,73.3757453113766;22.2036033111745,53.3104117410474,90.9340420304739,60.7453701939498,114.629839047257,99.0858213873206,73.3757453113766,0];
model.DIS=DIS;

XX=[1,6,9,7,2,4,5,10,2,9,7,4,2,5,5,2,6,3,4,6,3,3,7,3,9,10,8,4,6,2]; 
YY=[10,9,9,3,6,1,5,4,2,2,5,1,6,5,7,7,7,1,1,4,6,7,5,9,8,10,6,4,2,7];

F=zeros(J); 
for i=1:J
    for j=1:J
        F(i,j)=sqrt((XX(i)-XX(j)).^2+(YY(i)-YY(j)).^2); 
    end
end
model.F=F;


end